41

4131111111111111 1. 611121, 14-18.1111.
’ 5.)31111111111111111;
1.) 11111111 11111 (1111111111 1111111111311111111 11111.
1111-191--21111 111-11012136.
2.) 111 1111111111 11 1111111111111811111111 1111111111.
3.) (1111 1111111 111111111111111111111111111111111 111112 1111111111 11 1111111.
4.) 1111 1111111111 1111111111 111311 111 1111111111111.

111. 1111111111 1111111111111111111111.

1.) 11111111, 16. ὓ1111.1858.; 111111111111111111 11111111111111111 Dr. 11111111
11111, 11111111111111 1111111111 1111 1111111 1111111111 6111111111111111111111111111111,

- 1. 1. 11.- 1111111111111111 111 1111111111 111 111111 11111111 1111111111111 1111111111

1111111111 11111 111 11111111111111111111111 11111111 1111 111111 111111. 31111 1111111111,
111 111111 11111111 1111111111, 11111111111111 1111. - 1111 111111111111111.
Dr. 111111111111 111 111111 1111111111111111 111 1111111111 (Θ. V„ 8.).

2.) 11111111, 3. 11111 1111111111Θ111111111111111111111111111111111 111 11111
1111, 111 11111111111111111 11111111 1111111111, 11 11111111 111 611111 111 6111111111
1111111. ·

3.) 1111111, 18. 1111.; 1111111111 &einer 1111111111111111 1111111111 111 1111
1111, 111 1111111111111111,111111111111111111 11111111 11111111 1111111111 11111111111111
111111 1111111111111111, 1111111111 1111 111 111111 11111111- 1111111111111111111111111111
111 &fimet 1111 111 1111111 111 mit 11111 &treuge 11 111111. - 31 111 (1111111111111111
1111111111 1111131111 1860. 1111111 111111 3111111111111111 1111 11111111 1111111111
111 11111111 111 61111111111111111111 11111111 1111111111 1111 111111111 13111 auf:
1111111111.

4.) 11111111, 4. 11111 1111111111 111111111111111 11111111 1111111111 111 1111,
11111,1’11111111,111611111111111111111111111111111. 1111111111 11111 1111 111111 (1111
1111111 11111 3111111111111111111 11111 111111111111111111111. 11111111 111 1111111111
111111111) 1111111 1111111111111 111 11111111 11 1111111, 11 11111111 111 1111111111 11 mets
111 1111111111, 111 1111 111111111111111111111111111111111111 111 1111111111, 1111111111
1111 1111 1111111111 1111111111 111 1111111 111111111111 1111111111111111 1111111111
1111111 1111. - 11111111 1111111 11111111 11 1111111111111111111 111 111 11111111111111
111111111111111111111111111111111 111 111111 11 1111111111. 1111 1111111111 11111

11 1111111111 111 11 11111111111111111 1111111111111111 111 111111 1111111111,
1

 

