1.) 1111111111 1111111111 11111 11111111 111111 111 1111111111 111) 11111111
1111111111 1111111111 111. 1-4. (1111.)111111111;11111111111111111111 111
111111111111111111111 1111111111 21111 14. 1. 111 1111111111. 1. 11 1111111111.

61413114ἶ11111. 1111111111 11111111) 111 1111111111 1. (111 11111111), 11. Gen. 3139.

2· 1.) 1111111111 11111111111111. 111111111111111111111111, 1111 11111111.
1.)11Ε11ι11ῗ11ῗ1111111111111. 1. 111111.
&QQetnbtmutit a.) 1111111111 - 1111111111 - 1111111111 - 3111111111 111
1.) 1111111111 -1111111111111111 111111 - 1111111111 4. 11. (111111.

. 9.) 11111111 1.)11111111111111 - 1111111111.

1.)1111111ε1111111111111. 1. 11. 1111111.
10.) 111111 111111.

———

mm 1111111111 1111111111111111111.

1.) 1111111111. 1.) 11111. 1111111111 11111111 111 1111111111111111111111 11111. 11111
11111111 111 1111111111111111111 11111111 1111111111 11111111. (1111111111 1111111111 11
1111111111 111111 1111111111 1111111111 111 (1111111111111111111111111111111
1111111111 111 1111111 1111111111111111111111 11111111. 2. 11. 1111111111).

1111111). §Die 111111 111 111 11111111 111 1111111111111 >buz 11111111111111
111 111 11111111 1111111111. 111 1111 1111111111 1111111111. 111111111111111
1111111111111111. 2. 11. 1111111111.

2.) 11111111). 1111111111 111 (11111 111 11111111 1111111111 1111111111 1111111ς11111111
2. 11. 1111111111.

3.) 1111111111. 1.) 1111111111 11111111111111111111. Gall. 1. 1. 111. 1111111111
111 (1111111111 111 11111111 111111111111111111 1111111111 111 1111111111) 1111111
111 1. 148. 11; 1111111111 111 1111111111 1111 11111111 1111111111 111 1111111111
11 1111111111 1111111111 11111111111111111) 11111 1111 111 11111111111111111111
1111111. 8. 11. 1111111111.

110111. 11111110. 1, 3. 1,2.3, 10. 3, 12. 4, 6. Ex 1111. 1111111
1111 P. 1,4.11111.3,1.111Ρ.4,1. 11118, 2111-4311.125-881.9,1-91.
12, 210-179. - 111111111111111. 1, 3. - 111111. 1111111111 -· 2. 11. 1111

4.)1111111)1111. 1111111111111111111111 11111111 Ambus. 1111 111111 111111

111 1. 111111 111 111 11111). - 1111111111111111 1111111111 1111111111111
5.

 

