111 1111111111 11111111111111111 3111111111 1111111, 111 1111111111111111111 1111111

1111 (11111 21111111) 111 1111 1111111111ῐὶ1 11111111 1111114. 1111 tiu 1111111111.

4. ΘῘ DN.. ο

b.) 11111. odyss. 11111. 1111111 1111111 1111 21111111 111111 11111111 &maee-
11111. 261. 2111111111).

5.) 11111111) d). 1.) 11111111 Histoire 111 charles 1111. par 1111111111 11111 ΙΙ. -
111111111111111.

b.) 1111111111 11111111111111111111111 3111111111 1111 2111111111
1111111111111111111111 (1111111111). (11111111111111111111111 1111111111 mount:
lida (1111) 11111111). 2. &t Β11.

6.) 1111111111 111 (1111111111. 1111111111 151Ῑὼ11111 bia 111 (1111111 1111111111
11111 Va 1111111111111111111(3111111111. 3. 61. 2211111111

7.11111111111111. 1.) 11111111111111 111115111111- 111111111111- 3111111111.

11.) (1111111111 111 1111111111 111 111111. 3. 61. (1111111.

8.)111111111)11)1111. 3128111111 1111111111121111111111. 316111111111111111
1111111111111111. 2. 6121111111.

91611111. 21111111111111111111 111 111111111111161111111111. 1. &t mit 111, 1.
&t 1111111111111111. 1111111111.

numu. ommatius: ῦ1111111111 mutin q.

1.) 1111111111. 1.) 11111. 11111111 111 211111.
b.) 1111). 11111111111211111.

2.) 11111111). 1111111 1111111111 111 111ἰὶ1111 &fide 111 111 1111111) 1111111111
11111111 21111). 111. mie 11111111 11111111 111 61111111, 11111 1111111161111111611111
1111111, 111114. 2111 ein 1111111. 2. &t 2111111111.

3.) 1111111111). 1.) 11111111 (31111111 11111 Nepos 111-111111111111111, 111111 aua:
1111111 1111111. 4. &t

1).)131111111111 1111111111 111111111111111 1111111111 1111111111 bie
1111111111 11111 111111111111111111 obet 1111111111 1111111111 111 11111111111111,
11111111 in 611111 1111111111111111 1311111. - 1111111111111111 111111111111-
21111111111111 aad> 1111111111. 1111111111. 1111111111 1. 1111111111. ὁ. &t 1111111111.

1) (11111111. 1.) 11111111 1111111111 111 1111111111 1111611111, 1. 6111111. -
2111111111.

1).)1111111111 mie 1111111111 111 11 bit 131111 11) μι, 111) 1111111111.
1111111111 1111111111, 111111111ῑὶ11 1111111111. 111111111111111. 6. 111111.

 

