45

ὃ.) 2111111111 21111, 111. 1111 2111111), 21. 31111111, tan). 2111111111. &obn
111 21111111 spem 11111 gu 2111111111, 8. 3. 11111111 1111111111 2111111111, 2. 311111
11211111 1111 2111111111 1121111 1111111111.

6.) 2111 211111, 111. uu} 1111111111), 181), 31111 111, tau). 2111111111, &obn 111
1111111111 2111111 111111 1111111 11111111, 9. sobre 1111 1111 1111111111 2111111111, 2. 311111
in 211111;1111211111111111111111 2111111111 11111111.. ’

1111111111 21111), 111. 111 1111111111, 1911231111 111, 11111. 2111111111,
211111111111111111 2111111111 {mm 21111) 11111111, 9. 311111 111 1111 1111111111 2111.
1111111,2.31111 11 211111 1111 (1111111111 111 3111 in 211111 11111111.

8.) 1111111 1111111111, 111. 1111 1111111111, 20³7, 311111 111, 11111. 2111111111,
&obn 11121111111111111 1111111111 11111111, 4. 311111 auf 1111 11111111 2111111111,
2. 311111 11 211111 1111 2111111111 2111111 11111111.

9.) 1111111111 2111111, 111. 111 (1111111), 22. 311111 111, 11111. 2111111111,
6111111111τό 111111 211111111111111, 111, 31111 11111111 11111111 (2111111111, 3.

311111 in 2111111 1111 1111111111 111111 11111111.
ΙΙ. 2111111111111111.

, Α.) 211 ι11111111111111111 11111111 11111111 wne:
1.) 21111) 2111111111 111 111111 21111111

2111111111 (1111111ῑί111 21111111111111 21. 1. 11111111. 1111 1. - 2111111 21111
11111111 11. 11. 2111111111-191111 3111111111 1111 11111111 2111111111 21. 11. 11112.
3. -211111 3111111 2151-11111111111111111. 1111. Schmidt. Vol. 1. 1111. 5. 6.
7. 111. 11. 1111. 1. 2. - 011111111111111 11111 quinque. Ed. 11111. - 2111111111 111111
1111121. 13. - 1211111111 2111111111111111). 211111111112111. -111111 6111111111
111111, 111111. F. 1.- (1111111111 211111111113111111 1858. - 0111111111111111111
,111. xxvi.

b.) 2111 21111111 .

21111111 2111111111 2111111111 2111111111).

1.) 2111 111111 2111111111) 111. 21111111

11111111 11111111, 11 quem 81111111 1111111111 11111111 111.

11121111) 21111111

2111111 (2111111111 1. (11111111. su). 5. -111111 1111111111. 21. 11. U).
2. -11111111 de rerum 111111 11111111. 1111.2.1111111111,111112111111111- Carmina
Eumenen. Emend. Jmm. Bekker. 11111. - 2111111 21111111211111111111111 1111111111.
1. 21111. - 2111111111 211111111121. 1112. - 11111. steph. 11111 gr. ung. 57.
51 -11 111. 11111 de 111111 111 111 111111. 1111111111 -211111111 11111111) 111 111111.

 

