111

81111111. 81. 2. 11111. 2. -11111 6111111 1. 11111111. 1111113. - Aristophanis
1111111111 11. mk. ·- 11111 1. 81111111-1111111 1111111111. 1111111 ·- 8111111
1111111111. 1111111111. -1111111111111111 1111111. 1111. 8111111111. 111. 11. -1111
11111111111111 811111 - 1111118 1181111 811111 - 111111 811 1111111111
1111111. ·- 61111111 1111111111 111 3111181111 - 81111111 ptolemeum 111111
dialogum de oratoribus. - 11111111 311111111111. 11.3111111113.-8111111111

Ι 31111111 12. 13.
B.) 111 111 6111111111111111 1111111 1111 1111111 1111111111

8111111 8111111111 111 11111111 611111 811111 1888. 4181111111.-

. 811111111111 1111111111 81111112. 8. 611111111 1816. - 611111111 11111111 111

1111111111 6111111111. 611111111. - 6111111111 111111. 111111. 1851. - 6111111811
111111 1111 111111 611111. 11111. 1858. - 11. 11111111 81111111. 81111. 1811. -
811111 811 11111111 61111 111811111111111 31111. 11111. 1858. - 81111111111111
3111 611111111. 611111. 1851. -111111111111, 111 1111111111. 1111111859. -111111
8111111811111111111. 81111. - 8111111111 811118 6111111111 (1111111111. -
11111111 Hellas 81. 1 1. 2. 111111851-81111111111111111. 81. 2. 11111. 18581 1111
11111111 811 111111 111 1111161111 - 11111111 8111111118111111111 8111111111,
111111. 8111111 1819. - 81111111 811111 11111118111111 81111111 1811. - 81.
8111111111 8111811111111 11811111. 81111111 1851. - 8111111111 111 11111111
11111. 111111. 1858. - 11. 1111111111 111111 11111111 311111111111. 11111. 18111 1111
58. 611111. - 311111111111 31111. 1858. 611111. -1111111111111 8111111111 611
111111. 1181111111 - 18. 8. 1. 111111 5811. 8111111111. 811111. -— 1. 8111111111
811111111111111111 61. 1111111 1111. 111 81111111. 11111111. 811111 18118. 2 8111111 -
11111111 811 81111 111 1111111. 111111. 1858. -· 1. 11. 61111111 3111111 111 11111111
6111111816. -1111111111111 1111111111 8111111111. 81111. -11, 8111111111
8111111 811111 111 8111111111. 211111. 8. 1. 11111 1858. - 311. 31111111 811,
8111. 111 1811111111. 11111. 1859. -1111111 111111 81111111. 811111. - 11. 81111
81111111 111 11111111. 8111111851-8111111111 81111111 8111111111. 1111111-
111111 8111111 811111 1111111811111111. 81111. 1856. ·- 81. 8111111 81111111 111
1113111111. 811111. - 11111 81111111 8111111111 8111111 18111- 811. 1111111 81111
111111111311111. 81. 1. 2. 3. 8111111. - 8111111 3111111111. 811111. - 1811111
1111111111111111111111 811111 18158. - 81111 111 11111111 8111111111. 6111111.
1851- 61111111 811111111111. 611111. 18115. - 811111 8111111111. 6111111111

1815. - 61111111 811111111111. 611111. 1851- 8. 31111 111111111111111. 111111.
8111111184. - 8. 31111 811 11111111 1111111111 811111. 611. 1810. -

 

