111111111111111111111111111111 1111111111111,1111111111 1111111. - 1111111111) 111111.
1111111111 61111111511111111 111111 11 111 1111 11111111 1111 21111111 1851. - 1111111111
111 5111111111111111111111111111111111111111 11111πί11111 3111111 11 11111111, 11 1111
1111 111 11111111 11111 11. 1111111111161111111111111111 1111111111, 11111111 111 11111111 11
11111111 (1111. 11111 1111111111111) 111111 1111111111 11111111 11111111 1111111111111111111
11 1111111111 111, 11111111 115111111151111111 1111111111111 11111111 111 1111111 1111111111
6111111111 11111 11111111111111 1111111111 11111.

5.) 11111111, 24 §beat 1111 1111111111 111111111111111111111111111 1111111111 111
1111111111 111 1111111111 &tinet 1111111111 111 111111 1111111111 111 1111111111111111111
111 11 1111111111 1111111111111111111 111111111111 1111 111 1111111111 1111111
1111111111 1111111111.

1119111111, 10111111 1859.; 1111111111 5111111111 1111111111 111 1111111111
111 111 (1111111111 11111111 1111111

1111111111, 1511111111 1111111111111111111111111161111111111111111 1111111 1111111111 ·

1111111111111111111111111111111111111111111 211311. 1. 8. 1111111 1111111111 11 111
1111111111 1111111111

8.)11111111,22.111111; &eine 1111111111 111 11111 1111111111 111 1111111111
11111111111111116111111111111115111111111 111 11111 11111 1111111111111111,
1111111 111 1111111111 11111111 11111 111 111111 3111 1111111111 (1111111111 mtto).

9.) 9111111, 1111111161111111111111111111111111111111111111111111111

1111 1111111111, 111111 ὓ1111111111 1111111111) 11 111 111111ὓ111111111111111, 111111111111111
111111111111111 111 11111 111 111 1111111111 1111111111 11 111 11111111111111111111111111111,
1111 1111111111 111111 1111111111111111111 1111111. 1111111 1111111 1111111111111111
016 11111 1111111111111111. 1111111 1111111111 111 11111111 1111111 11111 151111 1111111111
1111 11111111 111 st. 1111111111161111111111111111 11111111.

111.) 11111111, 15. 31111 1111111111 &einer 5111111111 111 111111 1111111111 111

111111111111111111 1111111111 111 1111111111111111111111111111111111 11ὓ11111 111 111
1111111111111111111111ῢ111111111ι mie 1111111111111111111111111111111111111111 111 1111
11111 1111111111111111111111111 1111111111 11111111 1111 1111111111 111 1111111 11111 111
111 1111111111 11111111, 111 11111 111111111111111111111 11111 (1111111111 6111111111, 1111
1111 [11111111 1111111111111111111 111 1111111111 11111111 1111111 1111111 fou.

 

