8.) 616 11611611166 116 161666 6661111161, 61666 6611166 161666 611666 6661666666 .

9.) 1116 616 6666166 666666666616666166661116161166161666166 6 1. 6. 6666166 616
666166 1. 1166166 16. 666. 6. 616. 66166666, 66166 666 6616666166616 66 666 66666
61661666666616 Dr. 66661666666 616166616. (6666111161)

10.) 116 611611 66616666 616 6666 661 1166 666 11616666 11661 116161, &obn
6666611666666611166666 66666 616161, 66 11666616. - 66 11666 66 6666616, 66
666 1161666 61666666166616611, 666 16666666 661666, 66116166 61161166, 666 grau 6166666
116161. - 616 16. 36116166666161661166 16 666 6166666666661 666 11616166666616.
6616661666666666111666 6661111161. 103, 16-16. 1111666. 20, 11-15. 66. 366. 3, 16.
66. 366. 14, 6. 1116116. 11, 28-30. 6, 2-12. 6611. 1, 21. 1611666. 14. 13.) 16 6166666
6661 666 6666666666616166 61166 16166666 1161116666 66616 1666166

(66116616 3116611666 6661166666, 66 666 66 21. 6166661666 666 366666 1846, 66 61666
161666, 66611666 616666, 666 661 666 66 1666666 16166, 616 616 616 1166611666 1116116 61666
6661166666 666616166 66 616666 6616116166, 666 616 6161666 1166661666 1666611616 6661666
6666 16 666 6161166 666 11666666 66166616666111116 66611166 666 666 66661161611661
6161166 6616661 66116. ,

61666 666 11666 616 66166166666166166616666666616 16 666 366666, 666 61611666,
6666 616 6666166666 666 6666661666 66666 661666 611666 666 166666, 6666 616 166666
6666666666 666 3611, 616166 66616616166666 116 616 66116666 1666666166 66 66161611,
6666616 (16666166666616666666111666 666166666616666 161666, 666 616 11661661 6161166 1616
1611, 6666 6666166 1166166666, 6666 6116166666 616666666666136166616611, - 11666 611166
616166 1666666 616 666 16 66166666 66166166 3666661666 666616666166116666666. 61666
66616 666 366666 1611166 616, 661 66 616 111661 666 6161166661 6161, 6166 61666, 6166 611,
66616166 6666616666 im 6666166 666 16 6666166616 666 61661666, 616 166 16 61666666
666616161116 161661, 6666 11616 61616166 111, 616 6666661666 666 6611116611 16666166, 66166
6161 6666 1166116666 6666 616 666166 6611661616116166, 1616 616 666666 1661666, 616 166
161611 6611666, 6666 161666 11616666 66661 116666ฯ 6666166666666116611661616116666161166
6611666611 666 616166611166 6611661666 6661 16 16611, 16 666 6616616611 66666 61611, 661 166
66 166666, 616 66666 161611, 611 61666 6666116166, 666 16666666166 6116666666 66611666 1161
1116666 6661661666 66666 6616666661) 666 611666 66666666111666666116166 6611661666,
661 1666 6661611666111116666 16161666 1166166666 666166666666616166, 666 66666166 an:
666116 16661166616616 616 66 6666 61616666666666161,666 6611166 666 116 161666. - 616
6666 661 616 366116166666166111666 666 66166116 6611661 6116 6666 61 666 666

ยน) 666161 66 116611. 1, 1, 166 w 111 66611116 6666 666 616 166666 6661161 16661, 661 11661161
66166666 111 16 66 16611, 616 616666 16116 66 666666, 66166 661666 tq 666 6616661616 6161-6-

 

