³4

1.) 1111111111 1111111111 1111111111111111 11111111111111 11111111 111111

111111 111 111 611111 1111111111 1111111111 11 111 11111111. 2. 61. 1111111111.
1)(111111111111111 1111111111. 1111111111 111111 111 211 1111111 111 1111111111,
111111111111111, 111 1111111111 1111111111 111 11111. 1111111111 1111111 1111111111 111111 11-
11111111 111 1648.. 111 1111111111111111111111111 111 111111111111111111111111111111

1111111111. ,3. 61. 1111111111.
8.) 1111111111. 1.) 11111 111111111111111. ·
1.) 1111111111 1113111111 -11111111111111111111111111, 1. 61. 1111111.
9.) 1111111. 1.) 1111111111, 111 111 1111111111111111.

1.) 1111111111 111 11111111 (111111111111111111111, 1111111, 11111111111111,
11111111.)-1111111111-3111111111,11111111111111111111111. 2. 61. 11111111.
10.) 611111. 1111111111 111111 11111111 2111111111 111 6111111111111 11111. 111

1111111111. 1. 61. 1111111111111111111111111. 6111111111.

saeuum. Dtvinatiuoz 11111111 111. 81111111.

1.) 1111111111 1.) 11111. 1111111111 1111 1111111.
1.) m: 11111111111111111.

2.) 1111111. 11111111111111111111 111 11111111 111 111111 1111111111. 611 11
111111 11111111 11111111 1111111 1111111111 111 11111111 1111 1111111. 1111111111
1111111 (1111111111 111 1111111111 1111111111 1111111111 11111111-11111111 2. 61.
1111111111.

3.) 1111111111. 1.)111111111111111111111; 111. 111. 1.; cic. 111 senectute 1111
111 1111111111 1111111 1111111111- 1111111111 111 111. 1111011. ·- 11111111 111
111111 1111111 111111 111 61111111 1111111111 1111111 3111111 6111111 1111111111,
111 11111111, 1111111111) 1-6. 6111111 - 3111 111111 111 1111111111 1111 1111
1111111111 (1111611111). - 8. 616111111.

1.) 1111111. Aen. l. 11. 111. - 1111. 11. 111. 11. 11. -111111 1111111111. - 1111111111
111. 11. 11. - 1111111111 111. 111. -1, 11111

4.) 1111111111. 1.) 11111 1111 111111111111111111. 1111111111.,111 111111 1111111
1111111. - 1111111111 6111111111 1111111 11 1111111111111 11111) 111111111ῑί11
11111111 - 11111 11. 11111 1111 1111111111 3. 6161111111. ’

1111111111. odyss. 1111 111111 11111 111, 1111111111 150-160. 11111. -
1111111111 1111111111111111 111 11111111. - 3. 616111111.

1.) 1111111111 11111111111111111111111111 1111111111111111111111
1111 11111;111111111111 1. 61

 

