11. 1111111111 11111111.

rum. Dtbinatiuot 11111111 111. 1111.

t) 111ῑί1111. 1161111. 1111111111611111111111111111111. 31 1111111111 11
1111 111 1111 1111111111 11111 111111. 6111111111 111 111 1111111. 61111 11111
1111111 111111. 61111111111111111111. 1111111111111 111 6111111111 11 111
11. 11. 1111111111111111111111 11111111111116111111111111111 2. 61. 11111
11111.

1.)11111. §nie 11111111111111 1111 1111111111 111 2. 11111111. 611 11111111
1111111 1111 1111 1111111111111111111. 2. 61. 1611111111.

2111111111. 11111111111111111111111111111111111111-13011, (1111111 1111111111
1111111111 6111111 111 111 1111111111111 1111111111 111 2111 11111111, 111111
611111 6111111 -11111111111111 11111111. 3. 61. 1111111111.

3.) 1111111111. 1.) 1111111111111111111111 cic. 11 Verrem 111. 1. 111 111. 11.;
11111 11111. 111. 1., 111111 111111, 111111 111. 1111111. - 1111111111 111 cle. 111
Τ1111.-- 1611111111 61111111 11111111111111111111111 6111111161111111 1111111111
111. -11111111 11111 1111116111 6111111111 111 6111111111 (111 611111). -
6111111111. 6. 61. 6111111.

1.) 11111, 011. 111,, 1111 1111111111 8111, 1. 3. 4. 6. 9. 11., 1. 2. 6. 111111.
1. 1. 2. 4. 6. 7. 10. 1113. 14.-1)11 311111111ῐί11 gum 11111 11111111. - 11111
111 161111. - 1111111 111 11111111 1111111111. - 1111111111 1111111111 11111 11111111
1111111111111111 11111111 1111111. -11111111111111 01. 1.11. - 2. 61 1111

4.) 61111111. 1111111111 (1111111111 1111111111. 116111.,111111111. 111.
62. 63. 64. - 1111111. 111111. - 3. 61. 6111111111 111 1111111111 6111111111

Ι 111 11111111 61111111111111 111 1111111111161111111 134 - 139. 21111 11

11111 111 6111111111, 611111111111 - 1. 61.

1111111. 11.18-24.-2. 61.
1.) 111111111111111. 16. 11. 12. - 11111111. cyrop. 1)-7. 111,-1111

5.) 1111111111. 1.) 11111111 1111111 11 1111111111 1111111111 611111, 21111. 111
6111111111. 1.; 1111 11 1111111111 crolando 111 1111111111. 1. 61
1.) 6111111111 1611111111 111111 6111-4111 611111 111 111111 1111
11111111 111 211 1111111111 61111. 1111111111 1111111111 111 11111111 11111111.
111. 6111111111ῑί11. 21111 1411111 111 6111111111. 1. 61. 1111111111.
6111111111. 1111111111 1111111 111 1111111116. 67-112.; 11111111 111 111111
11111111.

 

